605.7908261617025 67.50959014892578
42.7898162206014 19.32832622528076
17.21749186515808 11.666237831115723
11.918091456095377 9.95516308148702
10.384589831034342 9.312737544377645
9.756521542867025 8.980283260345459
9.423707087834677 8.780185222625732
9.21458657582601 8.60617971420288
9.049779335657755 8.402836004892984
8.902711749076843 8.202015002568563
8.705237666765848 7.971407254536946
8.461626450220743 7.666661659876506
8.189468026161194 7.475093682607015
7.952809135119121 7.370760838190715
7.775090297063191 7.229359229405721
7.636360724767049 7.068921724955241
7.4517000913619995 7.034601132074992
7.279263099034627 6.960170825322469
7.126761714617412 6.859972238540649
6.9580486218134565 6.7210047245025635
6.720379908879598 6.625703652699788
6.461390217145284 6.537948528925578
6.179565628369649 6.012900670369466
5.832528233528137 5.495789289474487
5.448435465494792 5.344545602798462
4.982085704803467 4.775630156199138
4.560037573178609 4.728694995244344
4.373045325279236 4.369251052538554
4.115883052349091 4.286709467569987
3.9901903669039407 4.185145894686381
3.919902741909027 4.326367378234863
3.7445747454961142 4.204651077588399
3.632504383722941 3.6777514616648355
3.4488437175750732 3.745899717013041
3.357615033785502 3.494089206059774
3.146403352419535 3.270582914352417
2.9736373027165732 3.2315081357955933
2.830196042855581 3.3043346007665
2.7633540431658425 3.41852343082428
2.717770298322042 3.252744754155477
2.6145578424135842 2.8639729817708335
2.500394562880198 2.933231989542643
2.4410259326299033 3.083353638648987
2.352486550807953 2.847598354021708
2.2663611570994058 2.75501549243927
2.1838148136933646 2.7746067444483438
2.1045058965682983 2.7778462568918862
2.065187454223633 2.8025097846984863
2.0496814449628196 2.852932095527649
2.0172606110572815 2.7677098910013833
1.9703679084777832 2.6766918897628784
1.8989454607168834 2.550243894259135
1.848383257786433 2.528513511021932
1.8333217302958171 2.511735717455546
1.8422678112983704 2.4884846210479736
1.838429033756256 2.7115738789240518
1.780323455731074 2.6811683575312295
1.7152492304642994 2.4138431946436563
1.6978851060072582 2.4164591232935586
1.6353161831696827 2.457934538523356
1.561009168624878 2.480140050252279
1.5373876690864563 2.4046786228815713
1.5066433747609456 2.432039976119995
1.5015095174312592 2.3570396502812705
1.5178178052107494 2.374148448308309
1.5060516595840454 2.3106995026270547
1.4405424694220226 2.2981598575909934
1.3995787898699443 2.3897739251454673
1.3816271622975667 2.4469870726267495
1.380200316508611 2.3273815711339316
1.3552189469337463 2.1677908102671304
1.3337201873461406 2.185816466808319
1.3376643757025402 2.29840095837911
1.3522750735282898 2.622265179951986
1.334405740102132 2.4666755199432373
1.3132815758387248 2.3108463287353516
1.319262186686198 2.179101526737213
1.3108022411664326 2.207076370716095
1.3004493316014607 2.3765392303466797
1.3032460113366444 2.2892368833223977
1.2610579431056976 2.250299096107483
1.2616116801897685 2.202770491441091
1.3077008227507274 2.2774484753608704
1.3684653639793396 2.3517921765645347
1.403791348139445 2.2702650825182595
1.4791339039802551 2.4607226252555847
1.5081540445486705 3.051640033721924
1.7438565095265706 2.6976532141367593
1.8474685450394948 2.48469873269399
2.1194623013337455 2.7372868061065674
1.9092694620291393 5.435037930806478
2.596072018146515 3.556885838508606
3.2364806532859802 5.703557173411052
2.7104815244674683 4.123416105906169
2.5163707633813224 7.273373365402222
4.531679113705953 8.156625350316366
4.229190289974213 9.494453271230062
5.915468653043111 4.95355208714803
3.78525718053182 2.7683667739232383
3.1238565345605216 4.210748553276062
2.451918363571167 2.319311777750651
1.7455837726593018 2.399472236633301
1.4569605886936188 2.0933419267336526
1.301905890305837 2.056376119454702
1.2106840709845226 2.003469467163086
1.1436861455440521 1.9940951665242512
1.095986932516098 1.9847103555997212
1.0623149772485097 1.9808404843012493
1.0329244782527287 1.9767204125722249
1.0044879913330078 1.9717955390612285
0.9773694227139155 1.9635675350824993
0.9531106203794479 1.955159604549408
0.9321030626694361 1.9539180199305217
0.9165743390719095 1.972550908724467
0.9079586019118627 2.016418218612671
0.9047198047240576 2.0339338779449463
0.9034425963958105 1.9834930698076885
0.892881820599238 1.963720699151357
0.879005084435145 1.9704462885856628
0.8739955921967825 1.9592360655466716
0.85283263027668 1.9985710978507996
0.8331144501765569 1.9676503737767537
0.8248498092095057 1.9379388292630513
0.8253980924685796 1.9602582057317097
0.8389958639939626 2.012453814347585
0.8534858773152033 2.0806949138641357
0.8807272762060165 2.141900877157847
0.9079514195521673 2.2277932167053223
0.9309053917725881 2.2456541856129966
0.9645179261763891 2.187903344631195
0.988740916053454 2.0930875738461814
1.0013082871834438 2.040046473344167
0.9969878494739532 2.0775793393452964
0.9839121550321579 2.2618165810902915
1.0057626515626907 2.5862021843592324
1.16951085627079 2.835993488629659
1.8813565522432327 2.23539129892985
3.036635786294937 3.35641348361969
3.2256414194901786 6.775568962097168
4.340896626313527 5.594451904296875
2.6430034240086875 2.311247626940409
2.0040063659350076 2.5787302255630493
1.4685826947291691 2.5839142004648843
1.1205384333928425 2.0134499271710715
0.8370818346738815 1.9221878449122112
0.7269450078407923 1.9137191772460938
0.7112210641304652 1.915026326974233
0.7055015663305918 1.9377776980400085
0.6965539852778116 1.960460603237152
0.6855725546677908 2.005172848701477
0.6735718001921972 2.0358139077822366
0.6697048246860504 1.9986447890599568
0.6659772247076035 1.9689061443010967
0.6530778259038925 1.9699018001556396
0.6457248230775198 1.9350519180297852
0.6400594015916189 1.9607289632161458
0.6353194266557693 2.000731348991394
0.6427510529756546 1.9813037514686584
0.6411517212788264 2.032264769077301
0.6340889434019724 2.0651227037111917
0.6328379660844803 2.036456604798635
0.6361214369535446 1.9834664861361186
0.6465358088413874 2.017050564289093
0.6434000879526138 2.0627536177635193
0.6602093080679575 1.9867241581281025
0.6558407147725424 1.9922216931978862
0.6522299398978552 2.0091707905133567
0.6378480941057205 2.0185293555259705
0.6258863757054011 2.0827086567878723
0.6204549272855123 2.02105842034022
0.604001114765803 2.012658099333445
0.6027750273545583 2.045687278111776
0.5889714459578196 2.01826673746109
0.5609725788235664 1.9775229692459106
0.5400257234772047 1.9728808403015137
0.5373596573869387 2.013068914413452
0.5378664235273997 2.062452554702759
0.558145081003507 2.1929014325141907
0.6200702115893364 2.484039862950643
0.7532687063018481 2.802489678064982
0.9525319039821625 2.8967071374257407
1.1741760522127151 2.6245923042297363
1.4060532848040264 2.207460403442383
1.617059161265691 2.318666398525238
1.8801741351683934 3.1063849925994873
2.1285453190406165 4.8359454075495405
2.53931125998497 6.481488545735677
2.964648127555847 6.38897705078125
3.342114453514417 3.770409345626831
3.5487121492624283 2.3949076731999717
3.5085597137610116 6.390387932459514
3.7962545851866403 6.356696049372355
3.3657330870628357 2.0714253584543862
1.7706405768791835 3.2693187395731607
1.3144948681195576 2.137859026590983
1.0043278634548187 2.116248865922292
0.7377153038978577 2.1906134883562722
0.661435271302859 1.9565995335578918
0.6115749875704447 1.9797795017560322
0.5893390849232674 2.053823451201121