2012.759012858073 1388.6728108723958
1000.1922251383463 619.3472798665365
425.59190622965497 246.19461822509766
162.70154762268066 86.65965143839519
54.8663584391276 27.51940409342448
19.599926312764484 12.311792135238647
11.551369984944662 9.322556098302206
9.95752994219462 8.483692129453024
9.543526887893677 8.240627566973368
9.420829693476358 8.135689417521158
9.36496106783549 8.168307781219482
9.270009915033976 8.355029582977295
9.243937015533447 8.028496503829956
9.23615582784017 8.022028048833212
9.187980572382608 7.953953464825948
9.134761174519857 7.949448188145955
9.146776676177979 7.938272754351298
9.091607570648193 7.970342675844829
9.010803461074829 7.843669613202413
9.050849358240763 7.900981307029724
9.011722087860107 7.983968536059062
8.924995263417562 7.7458687623341875
8.861329396565756 7.866209506988525
8.86530598004659 8.065317471822103
8.75087308883667 7.644813577334086
8.651416937510172 7.50158150990804
8.51446028550466 7.349463780721028
8.45228103796641 7.146708885828654
8.277324080467224 7.044689059257507
8.150068163871765 7.0176312526067095
8.001024643580118 6.921972235043843
7.953280051549275 7.0278962055842085
7.876231948534648 6.876980145772298
7.749311486879985 6.825127005577087
7.737326820691426 6.8756745258967085
7.6596689621607466 6.931097825368245
7.642503539721171 6.867124517758687
7.5594760576883955 6.673677404721578
7.523369153340657 6.82300849755605
7.4430967171986895 6.602822422981262
7.415470838546753 6.6015645662943525
7.348363161087036 6.614457209904988
7.184243400891622 6.561427275339763
7.0858854452768965 6.38269563515981
6.964861114819844 6.1854634284973145
6.825833519299825 6.298685948053996
6.653643051783244 6.019310712814331
6.52622127532959 6.008819500605266
6.421974817911784 5.9498231410980225
6.2234911521275835 5.812093416849772
6.065355896949768 5.493910153706868
5.844460407892863 5.335387388865153
5.576903462409973 5.135178764661153
5.298491915067037 4.862739523251851
5.064802447954814 4.8619149923324585
4.912848869959514 4.496386726697286
4.735099911689758 4.788686752319336
4.657934188842773 4.5162432591120405
4.505259076754252 4.454192678133647
4.446871678034465 4.587035179138184
4.3829585313797 4.386053959528605
4.289525489012401 4.7117689450581866
4.222107648849487 4.8680440584818525
4.135205805301666 4.373265663782756
4.049779872099559 4.543283422787984
3.994261304537455 4.1763083934783936
3.927029291788737 4.691502730051677
3.900474727153778 4.491280198097229
3.8870489398638406 4.309306740760803
3.8573304414749146 4.224083503087361
3.8093369007110596 3.9015469551086426
3.7203022837638855 4.146846572558085
3.677606542905172 3.8042153120040894
3.602726419766744 3.7746853828430176
3.5170111457506814 4.233592947324117
3.4865044554074607 3.980067332585653
3.3932637174924216 3.635081132253011
3.3371965487798056 3.791179060935974
3.2576992909113565 3.630837003389994
3.2434919277826944 3.5218056042989097
3.171777129173279 3.621839086214701
3.1568523645401 3.9521218140920005
3.1092233061790466 3.6133668422698975
3.064045011997223 3.59032674630483
2.973808526992798 3.2917768160502114
2.917123297850291 3.30216117699941
2.90750245253245 3.503130555152893
2.8563509980837503 3.6900617281595864
2.847910165786743 3.5556583404541016
2.8186104893684387 3.205280621846517
2.836201032002767 3.3345075845718384
2.789170483748118 3.191662073135376
2.7584715485572815 3.374641935030619
2.790890693664551 3.3740539153416953
2.7160482009251914 3.3748461405436196
2.6713154315948486 3.183824380238851
2.6961104472478232 3.805470029513041
2.69146994749705 3.242619196573893
2.6780314445495605 3.7287000020345054
2.639075299104055 3.1174494425455728
2.606006383895874 3.824053724606832
2.6138251622517905 3.338493506113688
2.603352665901184 3.266822616259257
2.57254429658254 3.2171899477640786
2.5337739984194436 3.1699989239374795
2.5415631930033364 3.2584441900253296
2.5041049122810364 3.0969070196151733
2.4339649279912314 3.2390323877334595
2.479363262653351 3.005009969075521
2.442624032497406 3.0206792751948037
2.42159895102183 3.230982939402262
2.3810378114382424 3.429137388865153
2.34031343460083 2.955317656199137
2.355491042137146 3.006949543952942
2.352862298488617 3.2534327109654746
2.301408668359121 2.8803118467330933
2.3119620084762573 2.751946965853373
2.3386695981025696 2.965837995211283
2.2837147315343223 3.010731895764669
2.2722801764806113 3.1687862475713096
2.27909262975057 2.9335220654805503
2.220202386379242 3.203480084737142
2.218822439511617 2.8220967849095664
2.1879792908827462 3.0160234371821084
2.2148741086324057 2.973354776700338
2.1860857903957367 3.0046834150950112
2.1659367283185325 2.879202047983805
2.177545408407847 2.7665100495020547
2.21124001344045 2.9812336762746177
2.256710648536682 2.9787686268488565
2.225513219833374 3.068866769472758
2.225647528966268 2.934097091356913
2.2354623874028525 3.2533655166625977
2.2702545523643494 3.137516816457113
2.2796494563420615 3.5935003757476807
2.2620699604352317 3.7826305627822876
2.2778644363085427 3.4688387314478555
2.281105160713196 2.9615928332010903
2.2045167883237204 2.8618435064951577
2.176678737004598 2.5885257720947266
2.144474744796753 3.0073253313700357
2.0049878855546317 2.6356931924819946
1.9993439316749573 2.600525697072347
1.9650288025538127 2.544513980547587
1.9045594930648804 2.695590019226074
1.8669446806112926 2.7751603921254477
1.8737399379412334 2.642848253250122
1.8663147985935211 2.751090884208679
1.8765686452388763 2.449231823285421
1.858843356370926 2.565670927365621
1.8548026581605275 2.8120508988698325
1.831039845943451 2.662550449371338
1.8017793496449788 2.743672768274943
1.8273702760537465 2.4917535384496055
1.83467964331309 2.548526088396708
1.8152392307917278 2.446095069249471
1.7800702055295308 2.446058670679728
1.7991107900937398 2.4702784220377603
1.806945373614629 2.8546698093414307
1.7651153703530629 2.574684182802836
1.7834368447462718 2.4605308771133423
1.7383939822514851 2.451685110727946
1.7217621008555095 2.814051628112793
1.7546715835730236 2.7114346822102866
1.7486522893110912 2.7602643171946206
1.7221514483292897 2.5527819395065308
1.704435149828593 2.551973064740499
1.728882094224294 2.6313061316808066
1.721199631690979 2.4554703632990518
1.7087855140368144 2.6278709967931113
1.6929459671179454 2.8749372561772666
1.6901082793871562 2.5676265160242715
1.694084256887436 2.5100603501001992
1.6687849561373393 2.8293694655100503
1.6773205896218617 2.5667269627253213
1.6571500897407532 2.9104135433832803
1.6746216714382172 2.175810078779856
1.6251150767008464 2.6117112239201865
1.65378138422966 2.953872640927633
1.653481364250183 2.8124152024586997
1.614092121521632 2.53963311513265
1.6406613389650981 2.4579060475031533
1.6264568269252777 2.5994988282521567
1.606436590353648 2.752938429514567
1.6316979626814525 2.5844027598698935
1.6434743007024128 2.2537339131037393
1.618304322163264 2.642361799875895
1.6273756722609203 2.279448707898458
1.6157193382581074 2.377987583478292
1.6161330342292786 2.348062435785929
1.6131498515605927 2.437958916028341
1.5885181824366252 2.296354373296102
1.5735329985618591 2.4953815937042236
1.5906423528989155 2.3295979499816895
1.6278241574764252 2.244934896628062
1.6555560231208801 2.595486839612325
1.6051932473977406 2.357428510983785
1.5814979374408722 2.310412049293518
1.6061300933361053 2.5820584694544473
1.6148024996121724 2.266517400741577
1.6502597232659657 2.2351819276809692
1.658050497372945 2.5218859116236367
1.6275103191534679 2.421884854634603
1.6739590764045715 2.9336248636245728
1.6773743033409119 2.900653521219889
1.7143144011497498 2.8677204847335815
1.688973218202591 2.570521275202433
1.6575864156087239 2.3980153799057007
1.5953315893809001 2.475594162940979
1.5854606727759044 2.195372978846232
1.5409413675467174 2.1545677185058594
1.5084115266799927 2.2457650899887085
1.4922299186388652 2.3550117015838623
1.486616055170695 2.3624738653500876
1.4874316255251567 2.4987550179163613
1.4701922635237377 2.479865868886312
1.478307992219925 2.2719460129737854
1.4682055513064067 2.4034096399943032
1.4465635518232982 2.2282249132792153
1.4684607982635498 2.2917500734329224
1.4895972609519958 2.422546625137329
1.4872335294882457 2.1428913871447244
1.4621991117795308 2.3162632385889688
1.4544437726338704 2.347134311993917
1.4521739681561787 2.489650289217631
1.4300762514273326 2.1359148820241294
1.4324307640393574 2.1799145936965942
1.413142164548238 2.2006812493006387
1.4559257626533508 2.2725483179092407
1.4453639884789784 2.1196364561716714
1.4510780572891235 2.0739125410715737
1.436362047990163 2.178466777006785
1.455100695292155 2.2088183561960855
1.439916084210078 2.407924175262451
1.44426225622495 2.3835757970809937
1.440262367328008 2.0493431289990744
1.4664542277654011 2.2440200050671897
1.437356859445572 2.4460683266321817
1.4618706504503887 2.512890895207723
1.5173558394114177 2.331245938936869
1.5533576210339863 2.6864188512166343
1.5858661532402039 2.4340149958928428
1.6115573445955913 2.3943394819895425
1.5186334947745006 2.3480947812398276
1.5153344571590424 2.173631509145101
1.443725824356079 2.3122336864471436
1.4430268506209056 2.2014028827349343
1.4439555406570435 2.172153870264689
1.439154048760732 2.232600529988607
1.4462270736694336 2.0980482498804727
1.4149548212687175 2.1640425324440002
1.4419183135032654 2.1665765841801963
1.4259134829044342 2.115443487962087
1.3977522949377696 2.1129936973253884
1.4113444685935974 2.4595191876093545
1.3802550435066223 2.086066563924154
1.3755019108454387 2.4890060424804688
1.397228628396988 2.9457157055536904
1.4266927242279053 2.333349823951721
1.4121399521827698 2.94624392191569
1.4585124254226685 2.289694388707479
1.4614046613375347 2.261772314707438
1.4811304608980815 2.0852051774660745
1.40986763437589 2.285707871119181
1.4558478395144145 2.2373561461766562
1.4293087025483449 2.2536251544952393
1.4014479418595631 2.323159138361613
1.4308107793331146 2.32148277759552
1.4313405255476634 2.128046751022339
1.3935008347034454 2.28735343615214
1.3934420545895894 2.090569774309794
1.3801047205924988 2.08082244793574
1.3765634099642436 2.1014840801556907
1.3558872640132904 2.0802870194117227
1.3452151715755463 2.403904676437378
1.3669283886750538 2.6640905936559043
1.366824169953664 2.7755302588144937
1.3719623188177745 2.4212025801340737
1.3629862864812214 2.5355443954467773
1.421946515639623 2.3525627056757608
1.4054421782493591 2.1835948626200357
1.452496200799942 2.537870248158773
1.3987998068332672 2.2488609155019126
1.3959225912888844 2.0953375697135925
1.3730117082595825 2.0916869044303894
1.3723674813906352 2.2886515855789185
1.3627168834209442 2.0938747326533
1.3421043753623962 2.120855728785197
1.3579591115315754 2.324048340320587
1.3615713715553284 2.005255917708079
1.3408678968747456 2.1908794244130454
1.374741444985072 2.1999144355456033
1.352782239516576 2.2746224800745645
1.3268298109372456 2.1026253700256348
1.3049205938975017 2.5302184025446572
1.366012881199519 2.2660157084465027
1.3348050216833751 2.385924458503723
1.3544314901034038 2.55213193098704
1.3476855158805847 2.296370585759481
1.4523479839166005 2.2213595708211265
1.3781736095746357 1.9993025064468384
1.34464297691981 2.189288934071859
1.3551630079746246 2.2668275038401284
1.3637958069642384 2.053657670815786
1.3627470036347706 2.2058653434117637
1.3176664014657338 2.3305633465449014
1.3084552586078644 2.0731242299079895
1.312819888194402 2.0256540775299072
1.3220536510149639 2.0748064716657004
1.311380575100581 2.032650589942932
1.320144385099411 2.2432398597399392
1.3152771691481273 2.032435635725657
1.3277953465779622 2.2290552457173667
1.3349053263664246 2.1203332940737405
1.3312317927678425 2.278651853402456
1.334080308675766 2.8978744745254517
1.3607098559538524 2.705954829851786
1.5196958184242249 2.8487926721572876
1.5062453746795654 2.4899514516194663
1.594648838043213 2.585270325342814
1.5068687597910564 2.550111413002014
1.5942377547423046 2.3867231607437134
1.4701890349388123 2.2082653443018594
1.4776606559753418 2.2918692429860434
1.4604450662930806 2.2940380970637
1.4372623562812805 2.1183574398358664
1.366621494293213 2.1740065614382424
1.3944185276826222 2.1775205532709756
1.3610923290252686 2.086246689160665
1.404506156841914 2.1174353758494058
1.3594587445259094 2.0876917441685996
1.345891793568929 2.1728194753328958
1.3011595209439595 2.393470048904419
1.3460936745007832 2.463051120440165
1.3635881046454112 2.3184011777242026
1.3567001322905223 2.2236064275105796
1.3132928212483723 2.286643147468567
1.3576338986555736 2.4717748562494912
1.3291702071825664 2.205200433731079
1.3377968768278758 2.0767046411832175
1.3627881507078807 2.34429262081782
1.3353650371233623 2.3286603689193726
1.352180947860082 2.208207984765371
1.3491410315036774 2.0656862258911133
1.3390458226203918 2.233105778694153
1.3508896330992382 2.060530662536621
1.340545246998469 2.3356826305389404
1.3391808966795604 2.215560813744863
1.3069681028525035 2.3978241880734763
1.3194659352302551 2.25723526875178
1.2816410958766937 2.4316589633623757
1.2949700156847637 2.7461266120274863
1.3724256654580433 2.4663854042689004
1.386061469713847 2.483268698056539
1.4729824761549632 2.2015344699223838
1.3930791020393372 2.135680397351583
1.4940988719463348 2.286254644393921
1.4906074007352192 2.191771944363912
1.3986920714378357 2.296355406443278
1.5627584258715312 2.486569325129191
1.381799707810084 2.3489118814468384
1.3539952834447224 2.138676166534424
1.387622704108556 2.188288708527883
1.3630702098210652 2.1586532990137735
1.320369799931844 2.102160473664602
1.2919858793417613 2.14973251024882
1.3000106811523438 2.141930123170217
1.2936929961045582 2.4567410945892334
1.2983929812908173 2.3637993534406028
1.304370750983556 2.3995640675226846
1.4226330121358235 2.9565489292144775
1.42550328373909 2.772074063618978
1.5460919042428334 2.456234852472941
1.4708624680836995 2.4523926973342896
1.5799528161684673 2.566841999689738
1.7232405344645183 2.312112251917521
1.5411149958769481 2.221586763858795
1.4018502136071522 2.246791104475657
1.4476132492224376 2.233926514784495
1.3998946646849315 2.254875421524048
1.4410882890224457 2.1337974468866983
1.3925093313058217 2.035225967566172
1.3467432856559753 2.170092980066935
1.335603525241216 2.1708752711613974
1.335047980149587 2.3693024714787803
1.3126287460327148 2.2379414240519204
1.2667450805505116 2.2612133423487344
1.3061777452627819 2.452569007873535
1.2609733839829762 2.5188251733779907
1.291221410036087 2.7759784857432046
1.4069000482559204 2.5889654954274497
1.3679889837900798 2.324723958969116
1.3394824862480164 2.3253097335497537
1.4627968470255535 2.172681967417399
1.4641804496447246 2.266142209370931
1.5593820214271545 2.434782028198242
1.562016357978185 2.8777829806009927
1.7052459120750427 2.582264800866445
1.8106439212958019 2.4133728742599487
1.7931633293628693 2.3070764541625977